100	100	9
200	100	10	2
300	100	14	2
400	100	21	3
500	100	26	4	1
600	100	35	10	5	1
700	100	35	12	6	1
800	100	46	15	7	1
900	100	45	18	9	2
1000	100	56	22	11	3
1500	100	89	33	22	11	1
2000	91	100	63	27	18	9	1
2500	69	100	69	38	19	13	6	1
3000	59	100	94	59	29	12	6	6	1
3500	47	93	100	73	48	20	13	7	7	1
4000	45	91	100	73	55	27	18	9	9	1
4500	27	73	100	100	73	45	18	9	9	9	1
5000	27	63	100	100	73	45	27	18	9	9	1
6000	18	45	73	100	100	73	55	27	18	9	9	1
7000	11	33	56	89	100	89	78	44	33	22	11	11	1
8000	10	20	50	80	100	100	90	70	40	30	20	10	10	1
9000	11	22	44	67	89	100	89	78	56	33	22	11	11	11	1
10000	14	29	43	71	86	100	86	71	57	43	29	14	14	14	1
12000	10	20	30	50	70	90	100	90	80	60	40	30	20	10	10	1
14000	3	6	16	32	52	74	90	100	97	87	71	55	42	26	16	10	6	3
16000	4	4	8	16	32	52	72	92	100	100	96	80	68	48	36	24	16	12	8	4
18000	2	5	7	19	33	47	70	86	95	100	95	86	70	56	42	30	21	16	12	9	7	5	2
20000	3	3	6	11	17	33	50	69	83	94	100	97	92	81	67	50	39	28	17	11	8	6	3
